118430835
14518450
15668172
15678031
11497621
14589963
16081186
15789340
13540831
15896971
24473558
18311643
18976372
20093440
20088899
21226102
38349555
45357563
48477072
55376942
55380074
57639935
70605853
73667559
76800655
84488831
88601322
91772082
110666976
116753325
119718918
119871520
124026906
124484829
126464913
126177952
126458628
134045046
145590267
146302785
147918682
148642060
150398760
150400439
150401930
154149549
156936795
159040592
159904396
161527512
169235049
170289627
171184485
212223144
218883314
219850687
222475682
222478439
227826411
227829020
229577818
229580722
229583573
238618479
240102057
242397997
256809973
257051090
257386085
261402131
282162670
284161128
284163295
284996407
288559258
288930407
289191496
289579696
289595678
292654178
294494690
296108688
296241748
297618528
298673978
300709370
302347802
304313778
305662445
307352168
307594149
312136230
315630472
320100209
325967528
325957759
327309922
327399920
330506319
330833867
332157643
332795693
333909894
333986242
336252096
336475959
337283511
340623184
341581088
347522554
344209485
344210305
345004010
352681234
172044656
